# protocol=da3-cad-render-benchmark-v1 seed=20260810 dataset=deepcad revision=ee4999c749fbb6a726df6284abb1a949ec7548c1 purpose=view count=90
00335067
00722082
00083573
00609396
00747106
00436471
00219954
00971439
00756346
00519355
00529471
00422269
00140290
00079323
00060016
00160404
00940593
00583114
00300035
00038775
00556004
00954582
00824838
00092559
00411527
00962888
00130895
00241916
00385112
00478468
00607531
00752986
00131893
00831914
00709689
00903796
00066823
00036454
00236015
00840120
00731609
00419363
00271286
00010710
00659754
00815930
00092270
00819348
00883187
00359456
00149387
00658428
00172976
00083402
00989092
00440070
00254881
00481549
00440000
00842985
00193895
00827408
00605149
00685289
00160917
00760512
00816669
00580046
00486941
00125988
00870398
00142997
00484073
00256804
00374765
00436340
00167890
00892776
00166337
00514147
00720898
00464083
00641982
00679079
00579235
00699311
00553275
00145748
00273267
00806446
