# protocol=da3-cad-render-benchmark-v1 seed=20260810 dataset=deepcad revision=ee4999c749fbb6a726df6284abb1a949ec7548c1 purpose=headline count=300
00335067
00722082
00083573
00609396
00747106
00436471
00219954
00971439
00756346
00519355
00529471
00422269
00140290
00079323
00060016
00160404
00940593
00583114
00300035
00038775
00556004
00954582
00824838
00092559
00411527
00962888
00130895
00241916
00385112
00478468
00607531
00752986
00131893
00831914
00709689
00903796
00066823
00036454
00236015
00840120
00731609
00419363
00271286
00010710
00659754
00815930
00092270
00819348
00883187
00359456
00149387
00658428
00172976
00083402
00989092
00440070
00254881
00481549
00440000
00842985
00193895
00827408
00605149
00685289
00160917
00760512
00816669
00580046
00486941
00125988
00870398
00142997
00484073
00256804
00374765
00436340
00167890
00892776
00166337
00514147
00720898
00464083
00641982
00679079
00579235
00699311
00553275
00145748
00273267
00806446
00309684
00422140
00904179
00469798
00361673
00610486
00597929
00755534
00470963
00736882
00955637
00824043
00729626
00839687
00292128
00739672
00564624
00699297
00037493
00758712
00650843
00322363
00337571
00428314
00951839
00879983
00083111
00939079
00240631
00432819
00627909
00797964
00293766
00717738
00351402
00080752
00263787
00290403
00099812
00520669
00584247
00211465
00700951
00087422
00274306
00964733
00838424
00282234
00423247
00502640
00960492
00915180
00020600
00714434
00086431
00510678
00274698
00723540
00677020
00412086
00712475
00067561
00461495
00348643
00264027
00921370
00100771
00646280
00654726
00620693
00793648
00809812
00791223
00992691
00964767
00896571
00943815
00871155
00050760
00103060
00902529
00105129
00404317
00365228
00476756
00953824
00103257
00125735
00347615
00186042
00437756
00949278
00369976
00893660
00894542
00561733
00370802
00765098
00705695
00122741
00445021
00290300
00658709
00457637
00379437
00535291
00965887
00235990
00509083
00202884
00652659
00214514
00373550
00530411
00243226
00153434
00466988
00234013
00870274
00113843
00160241
00971059
00314660
00137505
00177978
00131068
00613506
00801283
00242476
00198083
00473372
00755610
00182133
00676105
00090799
00683079
00679628
00838581
00426095
00269476
00013296
00364031
00107320
00736026
00467407
00058312
00537434
00664666
00332859
00547908
00203949
00764196
00097388
00851435
00611653
00356815
00131316
00033625
00303363
00037503
00748531
00568111
00730444
00291530
00793143
00700252
00745786
00216099
00923533
00481279
00530488
00940215
00287139
00301325
00146958
00184983
00844974
00675497
00728902
00277207
00868218
00482678
00476498
00779330
00281853
00953096
00968592
00011581
00684537
00034053
00696172
00049922
00051370
00624861
00368641
00677275
00361175
00219388
00567279
00462068
00381605
00219342
00205323
00511874
00706155
00350559
00349162
00226604
00026929
00359832
