# protocol=da3-cad-render-benchmark-v1 seed=20260810 dataset=deepcad revision=ee4999c749fbb6a726df6284abb1a949ec7548c1 purpose=hard count=60
00533012
00264010
00730057
00648086
00117873
00936617
00172987
00115761
00778197
00238109
00386227
00301470
00138880
00693585
00567928
00691807
00692808
00789836
00214885
00914132
00240546
00126039
00585755
00426927
00134148
00485151
00408849
00794360
00907205
00368998
00851780
00542456
00394660
00421837
00624125
00513967
00713677
00129391
00361171
00567281
00924921
00940597
00101787
00272862
00110546
00303021
00530996
00282177
00613733
00526633
00351852
00299397
00398357
00522533
00585924
00728135
00081530
00306563
00735181
00272343
