# protocol=da3-cad-render-benchmark-v1 seed=20260810 dataset=deepcad revision=ee4999c749fbb6a726df6284abb1a949ec7548c1 purpose=canonicalizer_ablation count=60
00080752
00943815
00677275
00535291
00160404
00529471
00883187
00764196
00263787
00037503
00083573
00514147
00779330
00083402
00090799
00103257
00949278
00844974
00113843
00537434
00824838
00281853
00103060
00087422
00440070
00476756
00034053
00696172
00679628
00125988
00658709
00186042
00992691
00440000
00412086
00831914
00879983
00714434
00105129
00422140
00348643
00364031
00214514
00675497
00291530
00219954
00971059
00699311
00058312
00219342
00971439
00100771
00482678
00309684
00989092
00583114
00723540
00476498
00620693
00953824
